SCL TWPS TWBR
490	3	255
492	3	254
494	3	253
496	3	252
498	3	251
500	3	250
502	3	249
504	3	248
506	3	247
508	3	246
510	3	245
512	3	244
514	3	243
516	3	242
518	3	241
521	3	240
523	3	239
525	3	238
527	3	237
529	3	236
532	3	235
534	3	234
536	3	233
539	3	232
541	3	231
543	3	230
546	3	229
548	3	228
550	3	227
553	3	226
555	3	225
558	3	224
560	3	223
563	3	222
565	3	221
568	3	220
570	3	219
573	3	218
576	3	217
578	3	216
581	3	215
584	3	214
587	3	213
589	3	212
592	3	211
595	3	210
598	3	209
601	3	208
604	3	207
606	3	206
609	3	205
612	3	204
615	3	203
618	3	202
622	3	201
625	3	200
628	3	199
631	3	198
634	3	197
637	3	196
641	3	195
644	3	194
647	3	193
651	3	192
654	3	191
657	3	190
661	3	189
664	3	188
668	3	187
672	3	186
675	3	185
679	3	184
683	3	183
686	3	182
690	3	181
694	3	180
698	3	179
702	3	178
706	3	177
710	3	176
714	3	175
718	3	174
722	3	173
726	3	172
730	3	171
735	3	170
739	3	169
743	3	168
748	3	167
752	3	166
757	3	165
762	3	164
766	3	163
771	3	162
776	3	161
781	3	160
786	3	159
791	3	158
796	3	157
801	3	156
806	3	155
811	3	154
816	3	153
822	3	152
827	3	151
833	3	150
838	3	149
844	3	148
850	3	147
855	3	146
861	3	145
867	3	144
873	3	143
880	3	142
886	3	141
892	3	140
898	3	139
905	3	138
912	3	137
918	3	136
925	3	135
932	3	134
939	3	133
946	3	132
953	3	131
961	3	130
968	3	129
976	3	128
983	3	127
991	3	126
999	3	125
1007	3	124
1015	3	123
1024	3	122
1032	3	121
1041	3	120
1049	3	119
1058	3	118
1067	3	117
1076	3	116
1086	3	115
1095	3	114
1105	3	113
1115	3	112
1125	3	111
1135	3	110
1145	3	109
1156	3	108
1167	3	107
1178	3	106
1189	3	105
1200	3	104
1212	3	103
1224	3	102
1236	3	101
1248	3	100
1261	3	99
1274	3	98
1287	3	97
1300	3	96
1314	3	95
1328	3	94
1342	3	93
1357	3	92
1372	3	91
1387	3	90
1403	3	89
1418	3	88
1435	3	87
1451	3	86
1468	3	85
1486	3	84
1504	3	83
1522	3	82
1541	3	81
1560	3	80
1580	3	79
1600	3	78
1621	3	77
1642	3	76
1664	3	75
1686	3	74
1709	3	73
1733	3	72
1757	3	71
1783	3	70
1808	3	69
1835	3	68
1862	3	67
1890	3	66
1919	3	65
1949	3	64
1957	2	255
1965	2	254
1972	2	253
1980	3	63
1988	2	251
1996	2	250
2004	2	249
2012	3	62
2020	2	247
2028	2	246
2037	2	245
2045	3	61
2053	2	243
2062	2	242
2070	2	241
2079	3	60
2088	2	239
2096	2	238
2105	2	237
2114	3	59
2123	2	235
2132	2	234
2141	2	233
2151	3	58
2160	2	231
2169	2	230
2179	2	229
2188	3	57
2198	2	227
2208	2	226
2217	2	225
2227	3	56
2237	2	223
2247	2	222
2257	2	221
2268	3	55
2278	2	219
2288	2	218
2299	2	217
2309	3	54
2320	2	215
2331	2	214
2342	2	213
2353	3	53
2364	2	211
2375	2	210
2387	2	209
2398	3	52
2410	2	207
2421	2	206
2433	2	205
2445	3	51
2457	2	203
2469	2	202
2481	2	201
2494	3	50
2506	2	199
2519	2	198
2532	2	197
2545	3	49
2558	2	195
2571	2	194
2584	2	193
2597	3	48
2611	2	191
2625	2	190
2639	2	189
2653	3	47
2667	2	187
2681	2	186
2695	2	185
2710	3	46
2725	2	183
2740	2	182
2755	2	181
2770	3	45
2786	2	179
2801	2	178
2817	2	177
2833	3	44
2849	2	175
2865	2	174
2882	2	173
2899	3	43
2915	2	171
2933	2	170
2950	2	169
2967	3	42
2985	2	167
3003	2	166
3021	2	165
3040	3	41
3058	2	163
3077	2	162
3096	2	161
3115	3	40
3135	2	159
3155	2	158
3175	2	157
3195	3	39
3215	2	155
3236	2	154
3257	2	153
3279	3	38
3300	2	151
3322	2	150
3344	2	149
3367	3	37
3390	2	147
3413	2	146
3436	2	145
3460	3	36
3484	2	143
3509	2	142
3534	2	141
3559	3	35
3584	2	139
3610	2	138
3636	2	137
3663	3	34
3690	2	135
3717	2	134
3745	2	133
3774	3	33
3802	2	131
3831	2	130
3861	2	129
3891	3	32
3922	2	127
3953	2	126
3984	2	125
4016	3	31
4049	2	123
4082	2	122
4115	2	121
4149	3	30
4184	2	119
4219	2	118
4255	2	117
4292	3	29
4329	2	115
4367	2	114
4405	2	113
4444	3	28
4484	2	111
4525	2	110
4566	2	109
4608	3	27
4651	2	107
4695	2	106
4739	2	105
4785	3	26
4831	2	103
4878	2	102
4926	2	101
4975	3	25
5025	2	99
5076	2	98
5128	2	97
5181	3	24
5236	2	95
5291	2	94
5348	2	93
5405	3	23
5464	2	91
5525	2	90
5587	2	89
5650	3	22
5714	2	87
5780	2	86
5848	2	85
5917	3	21
5988	2	83
6061	2	82
6135	2	81
6211	3	20
6289	2	79
6369	2	78
6452	2	77
6536	3	19
6623	2	75
6711	2	74
6803	2	73
6897	3	18
6993	2	71
7092	2	70
7194	2	69
7299	3	17
7407	2	67
7519	2	66
7634	2	65
7752	3	16
7782	1	255
7813	1	254
7843	1	253
7874	2	63
7905	1	251
7937	1	250
7968	1	249
8000	2	62
8032	1	247
8065	1	246
8097	1	245
8130	2	61
8163	1	243
8197	1	242
8230	1	241
8264	3	15
8299	1	239
8333	1	238
8368	1	237
8403	2	59
8439	1	235
8475	1	234
8511	1	233
8547	2	58
8584	1	231
8621	1	230
8658	1	229
8696	2	57
8734	1	227
8772	1	226
8811	1	225
8850	3	14
8889	1	223
8929	1	222
8969	1	221
9009	2	55
9050	1	219
9091	1	218
9132	1	217
9174	2	54
9217	1	215
9259	1	214
9302	1	213
9346	2	53
9390	1	211
9434	1	210
9479	1	209
9524	3	13
9569	1	207
9615	1	206
9662	1	205
9709	2	51
9756	1	203
9804	1	202
9852	1	201
9901	2	50
9950	1	199
10000	1	198
10050	1	197
10101	2	49
10152	1	195
10204	1	194
10256	1	193
10309	3	12
10363	1	191
10417	1	190
10471	1	189
10526	2	47
10582	1	187
10638	1	186
10695	1	185
10753	2	46
10811	1	183
10870	1	182
10929	1	181
10989	2	45
11050	1	179
11111	1	178
11173	1	177
11236	3	11
11299	1	175
11364	1	174
11429	1	173
11494	2	43
11561	1	171
11628	1	170
11696	1	169
11765	2	42
11834	1	167
11905	1	166
11976	1	165
12048	2	41
12121	1	163
12195	1	162
12270	1	161
12346	3	10
12422	1	159
12500	1	158
12579	1	157
12658	2	39
12739	1	155
12821	1	154
12903	1	153
12987	2	38
13072	1	151
13158	1	150
13245	1	149
13333	2	37
13423	1	147
13514	1	146
13605	1	145
13699	3	9
13793	1	143
13889	1	142
13986	1	141
14085	2	35
14184	1	139
14286	1	138
14388	1	137
14493	2	34
14599	1	135
14706	1	134
14815	1	133
14925	2	33
15038	1	131
15152	1	130
15267	1	129
15385	3	8
15504	1	127
15625	1	126
15748	1	125
15873	2	31
16000	1	123
16129	1	122
16260	1	121
16393	2	30
16529	1	119
16667	1	118
16807	1	117
16949	2	29
17094	1	115
17241	1	114
17391	1	113
17544	3	7
17699	1	111
17857	1	110
18018	1	109
18182	2	27
18349	1	107
18519	1	106
18692	1	105
18868	2	26
19048	1	103
19231	1	102
19417	1	101
19608	2	25
19802	1	99
20000	1	98
20202	1	97
20408	3	6
20619	1	95
20833	1	94
21053	1	93
21277	2	23
21505	1	91
21739	1	90
21978	1	89
22222	2	22
22472	1	87
22727	1	86
22989	1	85
23256	2	21
23529	1	83
23810	1	82
24096	1	81
24390	3	5
24691	1	79
25000	1	78
25316	1	77
25641	2	19
25974	1	75
26316	1	74
26667	1	73
27027	2	18
27397	1	71
27778	1	70
28169	1	69
28571	2	17
28986	1	67
29412	1	66
29851	1	65
30303	3	4
30418	0	255
30534	0	254
30651	0	253
30769	1	63
30888	0	251
31008	0	250
31128	0	249
31250	1	62
31373	0	247
31496	0	246
31621	0	245
31746	1	61
31873	0	243
32000	0	242
32129	0	241
32258	2	15
32389	0	239
32520	0	238
32653	0	237
32787	1	59
32922	0	235
33058	0	234
33195	0	233
33333	1	58
33473	0	231
33613	0	230
33755	0	229
33898	1	57
34043	0	227
34188	0	226
34335	0	225
34483	2	14
34632	0	223
34783	0	222
34934	0	221
35088	1	55
35242	0	219
35398	0	218
35556	0	217
35714	1	54
35874	0	215
36036	0	214
36199	0	213
36364	1	53
36530	0	211
36697	0	210
36866	0	209
37037	2	13
37209	0	207
37383	0	206
37559	0	205
37736	1	51
37915	0	203
38095	0	202
38278	0	201
38462	1	50
38647	0	199
38835	0	198
39024	0	197
39216	1	49
39409	0	195
39604	0	194
39801	0	193
40000	3	3
40201	0	191
40404	0	190
40609	0	189
40816	1	47
41026	0	187
41237	0	186
41451	0	185
41667	1	46
41885	0	183
42105	0	182
42328	0	181
42553	1	45
42781	0	179
43011	0	178
43243	0	177
43478	2	11
43716	0	175
43956	0	174
44199	0	173
44444	1	43
44693	0	171
44944	0	170
45198	0	169
45455	1	42
45714	0	167
45977	0	166
46243	0	165
46512	1	41
46784	0	163
47059	0	162
47337	0	161
47619	2	10
47904	0	159
48193	0	158
48485	0	157
48780	1	39
49080	0	155
49383	0	154
49689	0	153
50000	1	38
50314	0	151
50633	0	150
50955	0	149
51282	1	37
51613	0	147
51948	0	146
52288	0	145
52632	2	9
52980	0	143
53333	0	142
53691	0	141
54054	1	35
54422	0	139
54795	0	138
55172	0	137
55556	1	34
55944	0	135
56338	0	134
56738	0	133
57143	1	33
57554	0	131
57971	0	130
58394	0	129
58824	3	2
59259	0	127
59701	0	126
60150	0	125
60606	1	31
61069	0	123
61538	0	122
62016	0	121
62500	1	30
62992	0	119
63492	0	118
64000	0	117
64516	1	29
65041	0	115
65574	0	114
66116	0	113
66667	2	7
67227	0	111
67797	0	110
68376	0	109
68966	1	27
69565	0	107
70175	0	106
70796	0	105
71429	1	26
72072	0	103
72727	0	102
73394	0	101
74074	1	25
74766	0	99
75472	0	98
76190	0	97
76923	2	6
77670	0	95
78431	0	94
79208	0	93
80000	1	23
80808	0	91
81633	0	90
82474	0	89
83333	1	22
84211	0	87
85106	0	86
86022	0	85
86957	1	21
87912	0	83
88889	0	82
89888	0	81
90909	2	5
91954	0	79
93023	0	78
94118	0	77
95238	1	19
96386	0	75
97561	0	74
98765	0	73
100000	1	18
101266	0	71
102564	0	70
103896	0	69
105263	1	17
106667	0	67
108108	0	66
109589	0	65
111111	3	1
112676	0	63
114286	0	62
115942	0	61
117647	1	15
119403	0	59
121212	0	58
123077	0	57
125000	1	14
126984	0	55
129032	0	54
131148	0	53
133333	1	13
135593	0	51
137931	0	50
140351	0	49
142857	2	3
145455	0	47
148148	0	46
150943	0	45
153846	1	11
156863	0	43
160000	0	42
163265	0	41
166667	1	10
170213	0	39
173913	0	38
177778	0	37
181818	1	9
186047	0	35
190476	0	34
195122	0	33
200000	2	2
205128	0	31
210526	0	30
216216	0	29
222222	1	7
228571	0	27
235294	0	26
242424	0	25
250000	1	6
258065	0	23
266667	0	22
275862	0	21
285714	1	5
296296	0	19
307692	0	18
320000	0	17
333333	2	1
347826	0	15
363636	0	14
380952	0	13
400000	1	3
421053	0	11
444444	0	10
470588	0	9
500000	1	2
533333	0	7
571429	0	6
615385	0	5
666667	1	1
727273	0	3
800000	0	2
888889	0	1
1000000	3	0